Police department or Sofia PD

class Policeman
	Patrul()
	GoToAdress()
	MakeReport()

9 17
0 0 0 0 0 0 0 0 0 0 0 0 0 0 0 0 0
0 1 1 1 0 1 0 1 0 1 1 1 0 1 0 1 0
0 1 0 0 0 1 0 1 0 1 0 0 0 1 1 0 0
0 1 1 1 0 1 1 1 0 1 1 1 0 1 0 1 0
0 1 0 0 0 0 0 0 0 0 0 0 0 0 0 0 0
0 1 0 1 0 1 0 1 1 1 0 1 0 1 0 1 0
0 1 0 0 1 0 0 1 0 1 0 1 0 1 0 1 0
0 1 0 0 1 0 0 1 1 1 0 1 1 1 0 1 0
0 0 0 0 0 0 0 0 0 0 0 0 0 0 0 0 0


9 17
0 0 0 0 0 0 0 0 0 0 0 0 0 0 0 0 0
0 1 1 1 0 1 1 1 0 1 1 0 0 1 1 1 0
0 1 0 0 0 1 0 1 0 1 0 1 0 1 0 0 0
0 1 0 0 0 1 0 1 0 1 0 1 0 1 0 0 0
0 1 0 0 0 1 0 1 0 1 0 1 0 1 1 1 0
0 1 0 0 0 1 0 1 0 1 0 1 0 1 0 0 0
0 1 0 0 0 1 0 1 0 1 0 1 0 1 0 0 0
0 1 1 1 0 1 1 1 0 1 1 0 0 1 1 1 0
0 0 0 0 0 0 0 0 0 0 0 0 0 0 0 0 0